Experiment {D}, {iterations_per_d}, {n}, {steps} 
1 6
86.94296521728481 204.10275044483663
Experiment 10, 20, 150, 5 
1 6
55.85622432614205 201.6315150774827
Experiment D=10, iterations_per_d = 20, n = 150, steps = 5 
1 6
50.22902288290528 197.13052651114586
Experiment D=10, iterations_per_d = 20, n = 150, steps = 5 
1 6
84.70942412316205 180.38815134246664
Experiment D=200, iterations_per_d = 10, n = 2000, steps = 10 
1 11 21 31 41 51 61 71 81 91 101 111 121 131 141 151 161 171 181 191
262.64991019626933 1023.1228771687431 1475.022256756276 1767.3896148153483 2060.596995454137 2259.7371957412843 2541.6835167022114 2606.6197312896456 2866.05508489745 2937.0337795360224 3131.805127671266 3249.904674750731 3568.6632635929227 3729.6318628622275 3780.294174982424 3928.064584118306 4088.6710782759096 4272.9839966034715 4386.0852193946175 4389.11522603843
Experiment D=200, iterations_per_d = 10, n = 2000, steps = 10 
1 11 21 31 41 51 61 71 81 91 101 111 121 131 141 151 161 171 181 191
291.2091727837299 998.5736123833354 1462.1822713275824 1708.6605890638705 2064.4353890809844 2247.066581597526 2503.7871027758297 2705.130682852973 2942.868387865282 3034.247533305558 3161.170846388308 3400.104913605222 3552.8468234976995 3661.8284221402673 3869.724763003059 3979.689617760858 4010.393985607881 4231.23089668643 4363.034287429695 4284.302273475741
Experiment D=200, iterations_per_d = 10, n = 2000, steps = 10 
1 11 21 31 41 51 61 71 81 91 101 111 121 131 141 151 161 171 181 191
247.17274842973953 1013.1803409716586 1458.2778849381725 1782.271531302838 2021.6215880136092 2321.366546058867 2427.2478041973873 2564.3236482865877 2774.237320504029 3074.8007635565227 3161.6887606213286 3400.393996836991 3527.710463506102 3650.5765874030717 3784.2116627685673 3903.2838654154884 4076.7680936847464 4184.3037708090915 4402.731064294238 4519.770627913629
Experiment D=200, iterations_per_d = 10, n = 2000, steps = 10 
1 11 21 31 41 51 61 71 81 91 101 111 121 131 141 151 161 171 181 191
274.51539321117855 1043.1610205546647 1326.193541746733 1731.1080806246453 1928.5403150935358 2270.8308249434067 2502.62219054558 2721.1224140197774 2844.316532766224 3076.7413228697224 3148.7310707562388 3433.0829427158883 3631.5652958731416 3694.840865760706 3805.1802845054835 3878.825431093463 4078.7771897406674 4256.885456328857 4470.131684671442 4379.806208076652
Experiment D=250, iterations_per_d = 10, n = 10000, steps = 10 
1 11 21 31 41 51 61 71 81 91 101 111 121 131 141 151 161 171 181 191 201 211 221 231 241
583.8052716704126 2285.658964909598 2976.8142753420934 3887.289586196775 4537.070990073792 4976.620960688634 5284.69754349064 6008.719644225069 6382.010955187501 6662.908474141426 7273.062922461238 7263.574070553173 7756.980881387957 8022.047400336218 8316.976510467484 8956.710657966734 8733.68476772968 9099.416928365732 9548.320105354116 9707.680132100442 9836.840006507384 10242.069635057513 10630.49965627654 10935.243582707477 11199.35080427172
Experiment D=100, iterations_per_d = 20, n = 10000, step_size = 50 
1 51
637.5797197411017 5028.994809376432
Experiment D=100, iterations_per_d = 20, n = 10000, step_size = 20 
1 21 41 61 81
585.4743968213022 2961.0567582068775 4438.026599805293 5501.940306806141 6370.5486531419065
Experiment D=100, iterations_per_d = 20, n = 10000, step_size = 20 
1 21 41 61 81
568.061842570077 3200.40551922926 4674.479297323331 5612.128779193149 6429.673255233702
Experiment D=100, iterations_per_d = 20, n = 10000, step_size = 20 
1 21 41 61 81
447.43890049129584 3174.166760055389 4465.512571092394 5581.878571281601 6218.748192391627
Experiment D=100, iterations_per_d = 20, n = 10000, step_size = 20 
1 21 41 61 81
514.017706087121 3339.8734416994507 4464.153468087152 5645.116396251823 6441.524519666551
Experiment D=100, iterations_per_d = 20, n = 1000, step_size = 20 
1 21 41 61 81
190.7308788479828 1028.98207481237 1449.6115472823865 1752.4273600451554 2033.9630703637529
Experiment D=50, iterations_per_d = 20, n = 1000, step_size = 20 
1 21 41
271.55636261565786 939.5072095248955 1430.5711674210922
Experiment D=50, iterations_per_d = 20, n = 1000, step_size = 20 
1 21 41
197.8795642469841 1039.0538673055466 1431.2989015916405
Experiment D=50, iterations_per_d = 20, n = 1000, step_size = 20 
1 21 41
189.31696354895917 1051.2042026855652 1380.631430488454
Experiment D=1000, iterations_per_d = 10, n = 25, step_size = 100 
75 175 275 375 475 575 675 775 875 975
420.31609478198413 519.3146724930209 611.5375531624128 915.8205634994077 1038.1748218726393 1093.2194659810198 1232.741133541088 1217.6388238650302 1470.0406397106399 1563.4197754163604
Experiment D=1000, iterations_per_d = 10, n = 25, step_size = 100 
75 175 275 375 475 575 675 775 875 975
318.8346986457486 631.5632227335749 629.0673612951069 905.5756784987659 1013.6606490221426 1097.0889158593027 1206.5118462079188 1350.4135424856206 1327.4100291991028 1519.6128994859364
Experiment D=1000, iterations_per_d = 10, n = 25, step_size = 100 
75 175 275 375 475 575 675 775 875 975
333.29906775810116 480.63193871057473 799.277631904479 901.3660251936539 981.0682589926771 1055.6898732578816 1246.435974324006 1287.6242225414305 1433.1675240981158 1414.0557475466298
Experiment D=1000, iterations_per_d = 10, n = 25, step_size = 100 
75 175 275 375 475 575 675 775 875 975
302.7115523279706 538.9903452568439 749.2591743155035 868.3584296202941 910.6013863887129 1111.113667834272 1226.5561084936307 1345.37634952505 1476.9213312115246 1671.6530039415115
Experiment D=1000, iterations_per_d = 10, n = 25, step_size = 100 
75 175 275 375 475 575 675 775 875 975
351.7071221638844 589.5538723069275 825.4970536608377 886.8140327057312 1001.3849784520874 1156.3683463117388 1197.552978041611 1338.445877992544 1513.4538958344149 1539.347835952575
Experiment D=1000, iterations_per_d = 10, n = 25, step_size = 100 
75 175 275 375 475 575 675 775 875 975
332.44120945453005 565.453559737466 763.186703376462 801.207692258303 1053.3418308310834 1179.3149368932259 1429.751068613292 1514.5260518113928 1424.77038413825 1773.9927161835271
Experiment D=1000, iterations_per_d = 10, n = 25, step_size = 100 
75 175 275 375 475 575 675 775 875 975
310.09122296109126 471.06296621982176 741.3404040682096 878.6436732994391 980.4432725947278 1138.9671440778725 1364.7637642481523 1406.0937611898348 1425.055762528114 1730.0356963788795
Experiment D=1000, iterations_per_d = 10, n = 25, step_size = 100 
75 175 275 375 475 575 675 775 875 975
329.25313444674396 520.2832707268966 697.1207239781635 864.303970896625 987.6186939619187 1188.6431107841947 1294.6087908090067 1410.8575801634443 1401.612724609171 1526.8072590327367
Experiment D=1000, iterations_per_d = 10, n = 25, step_size = 100 
75 175 275 375 475 575 675 775 875 975
332.07033961090127 612.9888377039299 696.7348635826135 819.4174343962923 915.959062950571 1077.3258108156062 1219.9329588718279 1244.7568601032683 1414.7104998247817 1528.4377308964956
Experiment D=1000, iterations_per_d = 10, n = 25, step_size = 100 
75 175 275 375 475 575 675 775 875 975
445.4624424809834 547.7726933375664 713.9498999664129 886.6771734350086 1061.8529918615445 1095.9718762793163 1312.4140226410873 1398.349111164196 1524.9705473987779 1775.5360053156207
Experiment D=100, iterations_per_d = 5, n = 875, step_size = 10 


Experiment D=1000, iterations_per_d = 10, n = 25, step_size = 100 
75 175 275 375 475 575 675 775 875 975
346.12181947405315 612.3723311888983 682.5464107982664 855.5150896560423 970.5910918926975 1093.4162459024903 1108.9732146205854 1342.9947008283827 1578.5849287915444 1660.5420892219204
Experiment D=50, iterations_per_d = 20, n = 1000, step_size = 20 
1 21 41
226.24630144305215 925.3801591765152 1538.2861046867868
Experiment D=1000, iterations_per_d = 10, n = 25, step_size = 100 
75 175 275 375 475 575 675 775 875 975
354.23816864057477 481.614728672451 620.186176898492 812.029570929037 919.4915937694553 1070.764342076612 1162.962645951539 1368.436969713956 1632.0278916965913 1606.0582792803336
