Experiment N=10000, iterations_per_n = 20, d = 20, step_size = 1000 
60 1060 2060 3060 4060 5060 6060 7060 8060 9060
252.629636529262 1382.73795076206 2352.6528348950096 3196.566927997176 3905.591883049003 4719.231443156585 5620.275095714422 6149.901097422489 7158.796633012511 7526.19728290097
Experiment N=10000, iterations_per_n = 20, d = 20, step_size = 1000 
60 1060 2060 3060 4060 5060 6060 7060 8060 9060
262.261850221912 1505.8132674058465 2386.4493474495043 3218.2912387137158 4183.432673917951 4848.152024250862 5469.1289230317325 5861.8866150800595 6528.582202446068 7264.989609053521
Experiment N=10000, iterations_per_n = 20, d = 20, step_size = 1000 
60 1060 2060 3060 4060 5060 6060 7060 8060 9060
269.7340566753519 1572.6568429686674 2534.7653290707885 3286.5631572800166 4038.4686320750056 4650.0174259340765 5361.606033143129 6278.3558689218025 6847.792505306669 6971.776779443683
Experiment N=20000, iterations_per_n = 15, d = 47, step_size = 500 
141 641 1141 1641 2141 2641 3141 3641 4141 4641 5141 5641 6141 6641 7141 7641 8141 8641 9141 9641 10141 10641 11141 11641 12141 12641 13141 13641 14141 14641 15141 15641 16141 16641 17141 17641 18141 18641 19141 19641
620.0474449040028 1546.9574595350564 2092.2499929606515 2838.1919456563733 3335.1345284962476 3575.261461923294 4285.115458212315 4726.083430392975 5228.98432147829 5694.312573276226 6129.462463273068 6463.205093591778 6827.593241878714 7343.26268839924 7612.193415896263 7880.917126731466 8540.40008557441 8721.156405657139 9191.37737524919 9474.296798359062 9770.358415434153 10317.404590948268 10446.066470663915 10983.555813311692 11440.373036296533 11088.634134630225 11902.720368629498 12453.570174410544 12876.742151374307 12898.956292250712 13892.277985844798 13876.785019784173 14148.176738235452 14807.826156607773 14900.491116897456 15335.617297841607 15397.532738738873 15886.14934033418 16055.056171034279 16324.399573013037
Experiment N=10000, iterations_per_n = 20, d = 20, step_size = 100 
60 160 260 360 460 560 660 760 860 960 1060 1160 1260 1360 1460 1560 1660 1760 1860 1960 2060 2160 2260 2360 2460 2560 2660 2760 2860 2960 3060 3160 3260 3360 3460 3560 3660 3760 3860 3960 4060 4160 4260 4360 4460 4560 4660 4760 4860 4960 5060 5160 5260 5360 5460 5560 5660 5760 5860 5960 6060 6160 6260 6360 6460 6560 6660 6760 6860 6960 7060 7160 7260 7360 7460 7560 7660 7760 7860 7960 8060 8160 8260 8360 8460 8560 8660 8760 8860 8960 9060 9160 9260 9360 9460 9560 9660 9760 9860 9960
256.81612370343765 455.2277651399121 561.1927741109279 645.932699757014 914.7272822524319 849.7149390423423 1091.1493540957974 1183.371290028343 1357.9502504659756 1563.5432641706088 1494.1838028792558 1667.7030215707175 1694.074964364661 1896.3211377009509 2073.1849564105432 2040.4395784328415 2147.8785836543584 2178.066896913794 2289.8785679425264 2525.3564391777086 2555.1810120988343 2474.0834300233437 2580.5350381030635 2769.7395071446817 2751.4698457522 3065.7254035492283 2907.056896287696 3099.391973464708 3140.2235155473936 3257.4634879353234 3250.666174071853 3301.3001938182047 3495.808238209499 3582.874118535885 3548.942228143631 3825.124030460772 3632.5730032553597 3759.4130528068213 3840.34121253005 3782.278168329061 3945.3844956746298 4121.500606630949 4198.430022045255 4215.906108401417 4475.804770167686 4199.017218077951 4330.691324439691 4454.496869769273 4513.145305840583 4561.697838210365 4668.026930803082 4765.425721636438 4765.504415597073 4747.80972470845 4608.09988829417 5097.35648833694 5023.696564654896 5271.277935158178 5317.011183062661 5246.35431257288 5387.01598572817 5463.302451202624 5516.797400268692 5729.39097736707 5791.267808750848 5825.925501571068 5923.110080711961 6117.504820603516 6124.414938056921 6032.995446302391 6099.798822409394 6193.344132666416 6227.90788539468 6207.103301908402 6333.812210292053 6348.032414242544 6606.43574303849 6592.276424710057 6756.018702842897 6904.70793411895 6776.174415600474 6889.635537240288 6945.217863453229 7107.644776104504 7282.84030681021 7242.117147882818 7389.705422862066 7435.720904643953 7639.8919750445875 7662.677946654652 7580.659109663558 7605.90479579255 7567.889106208948 7805.705445774739 7915.05730282937 7841.768035593981 7811.116994436301 7991.72193966837 8265.359231774677 8341.206660292384
Experiment N=10000, iterations_per_n = 20, d = 20, step_size = 50 
60 110 160 210 260 310 360 410 460 510 560 610 660 710 760 810 860 910 960 1010 1060 1110 1160 1210 1260 1310 1360 1410 1460 1510 1560 1610 1660 1710 1760 1810 1860 1910 1960 2010 2060 2110 2160 2210 2260 2310 2360 2410 2460 2510 2560 2610 2660 2710 2760 2810 2860 2910 2960 3010 3060 3110 3160 3210 3260 3310 3360 3410 3460 3510 3560 3610 3660 3710 3760 3810 3860 3910 3960 4010 4060 4110 4160 4210 4260 4310 4360 4410 4460 4510 4560 4610 4660 4710 4760 4810 4860 4910 4960 5010 5060 5110 5160 5210 5260 5310 5360 5410 5460 5510 5560 5610 5660 5710 5760 5810 5860 5910 5960 6010 6060 6110 6160 6210 6260 6310 6360 6410 6460 6510 6560 6610 6660 6710 6760 6810 6860 6910 6960 7010 7060 7110 7160 7210 7260 7310 7360 7410 7460 7510 7560 7610 7660 7710 7760 7810 7860 7910 7960 8010 8060 8110 8160 8210 8260 8310 8360 8410 8460 8510 8560 8610 8660 8710 8760 8810 8860 8910 8960 9010 9060 9110 9160 9210 9260 9310 9360 9410 9460 9510 9560 9610 9660 9710 9760 9810 9860 9910 9960
250.58354524503798 373.959191501098 397.4042267265635 491.1638137995222 584.1947977458528 653.137623265183 756.5690255641723 770.707738243331 826.4862539444359 933.3832444670592 1049.378028861845 1224.1945747581747 1234.8752319045325 1208.4536960281566 1216.5297261853561 1333.580874421794 1355.8228361550641 1509.6145345516884 1636.2342412233884 1552.9570422356996 1564.9457936737376 1697.0008451186022 1771.82719267391 1809.5882256016262 1954.2950622290955 1850.6614695060794 1892.1783564378588 1934.242064989255 2169.9866585687173 2180.539983946581 2077.746718403456 2112.765816170718 2227.6921834166596 2180.821832532348 2254.0927773046433 2249.5711192362623 2257.884758731089 2370.726967959084 2309.61720919488 2323.1069945134627 2351.14487261811 2466.6727436075066 2429.8227346577482 2559.5499402909018 2525.7834237703028 2548.5470618933114 2717.407198901989 2722.3586655787085 2644.7243827230513 2726.229853902998 2763.979287441363 2770.202960276947 3025.9720440048777 2790.9736161999704 2910.256592470395 2975.018903293291 2964.2337397554006 3049.1339262165757 3132.06794969768 3075.191768972081 3250.544458162506 3201.3718695631947 3333.0838516541057 3402.375221383686 3206.9441378596807 3440.0528911543615 3497.2492181471944 3560.9635295322705 3662.8028787413787 3677.629603621058 3674.7862241756534 3781.8352990863555 3789.6100101790826 3754.234000509222 3925.1413688190905 3867.6223242984897 4078.551091144314 3846.3225367027408 3962.7219496345506 3954.78083101226 3982.5711538578516 3996.251893964881 4045.702410568499 3995.7956824772436 4234.036237676051 4284.415485376788 4399.219818494132 4281.262784168015 4458.767487764771 4570.984076177861 4612.787781128942 4457.929340796482 4522.436745445122 4598.039156662618 4435.366027163847 4285.034420499227 4544.106636698026 4679.953471037761 4585.619874426909 4675.525271210646 4796.164787359926 4662.068221632283 4752.809685981642 4876.561086428688 4821.643939654529 4728.261537150548 4893.7252147873705 4942.363611295976 4959.376081837626 4743.040467065721 4983.442219972067 4715.780185339065 4981.3148496638005 5154.686434779066 5212.148046604993 5097.623375403004 5317.315314969453 5297.919953580506 5015.555945701768 5376.053008898246 5509.298171811859 5373.896421200829 5589.940597900361 5479.491321726824 5358.140162476894 5453.309215100101 5710.610095029469 5558.946334811504 5556.902984326669 5744.185596321857 5594.214410589922 5955.467071816264 5899.072917174266 5950.648207233887 5791.32581329417 6019.256898424035 6063.423434562106 5931.515750040211 5983.538671033462 6239.962561284247 6053.55357878457 5879.285933219379 6334.156029842515 6196.710265532888 6268.249266886486 6397.936925723812 6359.87446598488 6458.722801152931 6433.664304136886 6396.865625297042 6427.009868900657 6364.386020093293 6671.227536323271 6650.579262698666 6641.6979149688705 6796.1979307506845 6748.874806846745 6765.744980131369 6814.392001553334 6995.82718449801 6746.350946791592 7055.528932997471 6899.144909732347 6830.010071818792 6903.407045019111 7114.169421438125 7128.575230169602 7088.268383371942 7037.9689675357395 7159.7119962637535 7102.769045110565 7369.001766450735 7159.302745183777 7125.785016760145 7348.736642595481 7409.769957803699 7421.4573623690685 7458.8185088414975 7431.3908694615 7444.296714889552 7084.539995309121 7578.528896538721 7544.305756064158 7600.120345340578 7576.180308848319 7848.7033894451015 7755.646009710052 7631.694514316024 7695.5046498665415 7763.621312968295 7649.437810475033 7649.075001892243 7887.732120585718 7799.1470091702095 8151.755295739114 7893.867556401024 8159.248538060606 8073.601524603711 8207.202442958196
Experiment N=10000, iterations_per_n = 20, d = 20, step_size = 100 
60 160 260 360 460 560 660 760 860 960 1060 1160 1260 1360 1460 1560 1660 1760 1860 1960 2060 2160 2260 2360 2460 2560 2660 2760 2860 2960 3060 3160 3260 3360 3460 3560 3660 3760 3860 3960 4060 4160 4260 4360 4460 4560 4660 4760 4860 4960 5060 5160 5260 5360 5460 5560 5660 5760 5860 5960 6060 6160 6260 6360 6460 6560 6660 6760 6860 6960 7060 7160 7260 7360 7460 7560 7660 7760 7860 7960 8060 8160 8260 8360 8460 8560 8660 8760 8860 8960 9060 9160 9260 9360 9460 9560 9660 9760 9860 9960
266.41687136637245 490.09955892613607 640.2748598866743 750.7859791920101 820.4066573423167 990.5956293219704 1160.2191853325335 1266.1501249170976 1304.0503319398872 1405.5144575817096 1446.749323373726 1573.083771465473 1724.2670138198766 1720.2695614644908 1960.9061677493944 1961.5736328470243 2179.921338856404 2200.5621430288825 2294.704705196739 2415.5231831583283 2509.170181038552 2568.1754911182047 2622.530357820247 2808.1091811093356 2712.374285639241 2811.298901764486 3051.793607227867 3041.809502662107 3170.6489659363774 3279.131253485405 3230.656574602179 3373.9232183045388 3422.5904511526305 3518.4074981688186 3479.072746867344 3589.1150312754557 3801.904537221373 3733.0119396740192 3803.7901641463004 3996.851060063217 4090.210236997903 4102.853064974367 4115.484557140516 4462.470764213372 4434.648695762163 4639.98090811061 4645.179573299056 4469.102705128276 4784.90098930119 4558.94961477709 4922.080354986613 4894.916835311951 5035.277489927592 5105.583357643246 5211.680758154459 5223.2482208530155 5321.757364819122 5218.022136468136 5393.88629326082 5610.66440956941 5291.378915227557 5510.67089889716 5481.542843929771 5521.327277807126 5717.105736831494 5677.8622104967635 5811.581981023743 5780.039993596833 5891.040372766054 5954.057023502067 6117.796726014183 6116.279901888845 6222.150025078578 6293.570919242465 6407.315319672295 6359.736279327199 6132.369873931512 6677.231149912113 6756.564801510472 6648.494609936068 6957.697559803125 6756.604779028768 6816.8543844822125 7041.502919453851 7156.624746583761 7213.94001831604 7336.640918455206 7334.579395898824 7046.952339356803 7180.116019239236 7541.539934759296 7673.714382530966 7826.9706586165585 7397.2922233542895 7669.156031708471 7501.6607591498005 7717.520154688333 7547.96305325483 7628.176216391104 7951.8847231417
Experiment N=10000, iterations_per_n = 20, d = 20, step_size = 100 
60 160 260 360 460 560 660 760 860 960 1060 1160 1260 1360 1460 1560 1660 1760 1860 1960 2060 2160 2260 2360 2460 2560 2660 2760 2860 2960 3060 3160 3260 3360 3460 3560 3660 3760 3860 3960 4060 4160 4260 4360 4460 4560 4660 4760 4860 4960 5060 5160 5260 5360 5460 5560 5660 5760 5860 5960 6060 6160 6260 6360 6460 6560 6660 6760 6860 6960 7060 7160 7260 7360 7460 7560 7660 7760 7860 7960 8060 8160 8260 8360 8460 8560 8660 8760 8860 8960 9060 9160 9260 9360 9460 9560 9660 9760 9860 9960
287.98764073522045 502.47409172416735 675.489901167277 798.174908190007 887.3013474003767 985.9506989491501 1070.154541033055 1267.5984480055802 1354.3047676159265 1452.6175747300338 1403.4714063761742 1684.4168744445728 1598.356295319699 1786.0265775278342 1819.8870220298693 2000.2137815387243 2076.6623229713414 2176.489718637196 2218.561238113235 2418.453698331947 2467.4629204845664 2647.9199985600208 2653.093678213007 2599.1657610865996 2705.9419285027616 2740.0996356510345 2860.88781750593 2893.4076458019554 2944.2894162684715 3024.416382066937 3063.5043037596815 3320.680126885846 3181.744624932272 3319.895257849463 3590.8697904798523 3616.1600837743936 3441.6217250271134 3623.060427401121 3903.809799531191 3797.6076615553043 4036.6874358610157 4041.506720931524 4197.665209525674 4194.966473278341 4233.018764238832 4354.153108328838 4500.2829897248785 4534.825719750466 4702.026909122559 4848.358086770415 4652.838967646604 4761.912749229983 4834.01578129516 4855.432841968395 4835.386914943553 5172.958049592712 5157.400432134571 5223.655484992287 5381.267137067325 5448.749940905491 5339.20082347312 5625.794889484927 5676.250992504222 5596.82245962581 5751.846511435969 5621.77492562443 5672.683131912013 5736.8192216867665 5777.480465821344 5968.149230077053 5959.7595645728625 6053.286044964344 6301.015514215558 6393.171890366117 6204.258741593816 6561.991968325837 6487.239915213643 6565.24925702777 6876.653287635202 6541.56921050487 6930.898808262868 6792.88559074664 7092.406621005475 6836.268596556294 7174.911659836141 7093.588386884838 6871.890051751381 7261.132508535366 7211.741420019447 7569.852451711619 7472.124172356863 7613.022539850082 7408.426890499977 7809.591193412454 7924.191890967474 7854.692663619864 7867.598181401261 7764.634367711173 7582.516354826456 8005.544481664379
